TRANS ALL
N2              1  97.530   3.621  0.000  1.760  4.000    
O               0  80.000   2.750  0.000  0.000  0.000    
H               0  145.000  2.050  0.000  0.000  0.000    
OH              1  80.000   2.750  0.000  0.000  0.000    
H2              1  38.000   2.920  0.000  0.790  280.000  
H2O             2  572.400  2.605  1.844  0.000  4.000    
H2O2            2  107.400  3.458  0.000  0.000  3.800    
O2              1  107.400  3.458  0.000  1.600  3.800    
HO2             2  107.400  3.458  0.000  0.000  1.000    
CH3             1  144.000  3.800  0.000  0.000  0.000    
CO              1  98.100   3.650  0.000  1.950  1.800    
CH2O            2  498.000  3.590  0.000  0.000  2.000    
CO2             1  244.000  3.763  0.000  2.650  2.100    
CH4             2  141.400  3.746  0.000  2.600  13.000   
C2H4            2  238.400  3.496  0.000  0.000  1.500    
C2H6            2  247.500  4.350  0.000  0.000  1.500    
CH3O            2  417.000  3.690  1.700  0.000  2.000    
CH3OH           2  481.800  3.626  0.000  0.000  1.000    
HOCHO           2  436.000  3.970  0.000  0.000  2.000    
CH3O2           2  481.800  3.626  0.000  0.000  1.000    
CH3O2H          2  481.800  3.626  0.000  0.000  1.000    
C2H2            1  265.300  3.721  0.000  0.000  2.500    
CH2CO           2  314.3    4.191  1.4    0.0    2.0      
C3H4XA          1  324.800  4.290  0.000  0.000  1.000    
CH3CHO          2  436.000  3.970  0.000  0.000  2.000    
C3H3            1  324.800  4.290  0.000  0.000  1.000    
C3H5XA          2  316.000  4.220  0.000  0.000  1.000    
C3H6            2  307.800  4.140  0.000  0.000  1.000    
C2H3CHO         2  428.8    4.958  2.9    0.0    1.0      
CH3CHCO         2  443.200  4.120  0.000  0.000  1.000    
CH3COCH3        2  435.500  4.860  0.000  0.000  1.000    
CH3COCH2O2H     2  505.403  5.449  0.000  0.000  0.000    
IXC4H7          2  355.000  4.650  0.000  0.000  1.000    
IXC4H8          2  344.5    5.089  0.5    0.0    1.0      
IXC3H5CHO       2  436.4    5.352  0.0    0.0    1.0      
IXC3H6CO        2  436.4    5.352  0.0    0.0    1.0      
CXC4H8O         2  444.197  5.063  0.000  0.000  0.000    
IXC4H7OH        2  502.2    5.356  1.8    0.0    1.0      
IXC3H7CHO       2  436.4    5.352  0.0    0.0    1.0      
IXC4H7OOH       2  498.949  5.410  0.000  0.000  0.000    
TXC4H9O2        2  502.252  5.430  0.000  0.000  0.000    
TXC4H9O2H       2  505.540  5.450  0.000  0.000  0.000    
TXC3H6O2CHO     2  436.4    5.352  0.0    0.0    1.0      
TXC4H9CHO       2  476.0    5.778  2.6    0.0    1.0      
NEOXC5H11O2     2  546.691  5.698  0.000  0.000  0.000    
NEOC5KET        2  591.463  5.959  0.000  0.000  0.000    
YXC7H14         2  439.2    6.151  0.0    0.0    1.0      
IC3H7COC3H6XT   2  561.0    6.317  1.7    0.0    1.0      
YXYXC7H14O      2  561.0    6.317  1.7    0.0    1.0      
YXC7H15O2       2  561.0    6.317  1.7    0.0    1.0      
JXC8H16         2  485.6    6.440  0.3    0.0    1.0      
IXC8H18         2  458.5    6.414  0.0    0.0    1.0      
IC8ETERAC       2  581.3    6.506  2.0    0.0    1.0      
BXC8H17O2       2  581.3    6.506  2.0    0.0    1.0      
BXC8H17O2H      2  581.3    6.506  2.0    0.0    1.0      
IC8KETBC        2  581.3    6.506  2.0    0.0    1.0      
BC8H16OOHXCO2   2  581.3    6.506  2.0    0.0    1.0      
CH2GSG          1  144.000  3.800  0.000  0.000  0.000    
CH2             1  144.000  3.800  0.000  0.000  0.000    
C2H5            2  247.500  4.350  0.000  0.000  1.500    
HCO             2  498.000  3.590  0.000  0.000  0.000    
CH2OH           2  417.000  3.690  1.700  0.000  2.000    
HOCH2O          2  470.600  4.410  0.000  0.000  1.500    
C2H             1  265.300  3.721  0.000  0.000  2.500    
HCCO            2  150.000  2.500  0.000  0.000  1.000    
C2H3            2  265.300  3.721  0.000  0.000  1.000    
CH2CHO          2  436.000  3.970  0.000  0.000  2.000    
CH3CO           2  436.000  3.970  0.000  0.000  2.000    
C3H2            2  209.000  4.100  0.000  0.000  1.000    
C3H5O           2  411.000  4.820  0.000  0.000  1.000    
C3H5XT          2  316.000  4.220  0.000  0.000  1.000    
CH3COCH2        2  435.500  4.860  0.000  0.000  1.000    
IXC3H7          2  303.400  4.810  0.000  0.000  1.000    
CH3CHCHO        2  387.860  4.687  0.000  0.000  0.000    
CH2CCH2OH       2  481.5    4.997  1.7    0.0    1.0      
C2H5CO          2  424.600  4.820  0.000  0.000  1.000    
CH3COCH2O       2  447.639  5.086  0.000  0.000  0.000    
IXC3H7O2        2  459.5    5.036  1.7    0.0    1.0      
C3H6OOH2X1      2  435.2    4.662  2.7    0.0    1.0      
CH3COCH2O2      2  502.115  5.429  0.000  0.000  0.000    
IXC4H7O         2  496.000  5.200  0.000  0.000  1.000    
TXC4H9          2  352.000  5.240  0.000  0.000  1.000    
TXC4H9O         2  496.000  5.200  0.000  0.000  1.000    
IXC3H5CO        2  436.4    5.352  0.0    0.0    1.0      
IXC4H6OH        2  502.2    5.356  1.8    0.0    1.0      
TXC3H6CHO       2  436.4    5.352  0.0    0.0    1.0      
TXC3H6OCHO      2  436.4    5.352  0.0    0.0    1.0      
IXC4H8OH        2  496.000  5.200  0.000  0.000  1.000    
TC4H8O2HXI      2  502.2    5.356  1.8    0.0    1.0      
TXC3H6O2HCO     2  436.4    5.352  0.0    0.0    1.0      
IC4KETIT        2  549.655  5.716  0.000  0.000  0.000    
IXO2C4H8OH      2  496.000  5.200  0.000  0.000  1.000    
IC4H8OOHXTO2    2  600.078  6.009  0.000  0.000  0.000    
NEOXC5H11       2  440.735  5.041  0.000  0.000  0.000    
NEOXC5H11O      2  495.769  5.390  0.000  0.000  0.000    
TXC4H9CO        2  476.0    5.778  2.6    0.0    1.0      
NEOC5KETOX      2  540.467  5.661  0.000  0.000  0.000    
NEOXC5H10OOH    2  546.691  5.698  0.000  0.000  0.000    
NEOC5H10OOHXO2  2  639.455  6.230  0.000  0.000  0.000    
NEOC5H9Q2XN     2  639.455  6.230  0.000  0.000  0.000    
XXC7H13         2  439.2    6.151  0.0    0.0    1.0      
XC7H13OXZ       2  561.0    6.317  1.7    0.0    1.0      
YXC7H15         2  437.3    6.168  0.0    0.0    1.0      
TC4H9COC2H4S    2  561.0    6.317  1.7    0.0    1.0      
YC7H13OOHXX1    2  561.0    6.317  1.7    0.0    1.0      
YC7H14OOHXY2    2  561.0    6.317  1.7    0.0    1.0      
CXC8H17         2  458.5    6.414  0.0    0.0    1.0      
DXC8H17O        2  581.3    6.506  2.0    0.0    1.0      
BC8H16OOHXC     2  581.3    6.506  2.0    0.0    1.0      
END
