TRANS ALL
H                  0   145.000     2.050     0.000     0.000     0.000          
H2                 1    38.000     2.920     0.000     0.790   280.000          
O                  0    80.000     2.750     0.000     0.000     0.000          
O2                 1   107.400     3.458     0.000     1.600     3.800          
OH                 1    80.000     2.750     0.000     0.000     0.000          
H2O                2   572.400     2.605     1.844     0.000     4.000          
HO2                2   107.400     3.458     0.000     0.000     1.000          
H2O2               2   107.400     3.458     0.000     0.000     3.800          
CO                 1    98.100     3.650     0.000     1.950     1.800          
CO2                1   244.000     3.763     0.000     2.650     2.100          
CH2O               2   498.000     3.590     0.000     0.000     2.000          
HCO                2   498.000     3.590     0.000     0.000     0.000          
HO2CHO             2   436.000     3.970     0.000     0.000     2.000          
O2CHO              2   436.000     3.970     0.000     0.000     2.000          
HOCHO              2   436.000     3.970     0.000     0.000     2.000          
OCHO               2   498.000     3.590     0.000     0.000     2.000          
HOCH2O             2   470.600     4.410     0.000     0.000     1.500          
CH3OH              2   481.800     3.626     0.000     0.000     1.000          
CH2OH              2   417.000     3.690     1.700     0.000     2.000          
CH3O               2   417.000     3.690     1.700     0.000     2.000          
CH3O2H             2   481.800     3.626     0.000     0.000     1.000          
CH3O2              2   481.800     3.626     0.000     0.000     1.000          
CH4                2   141.400     3.746     0.000     2.600    13.000          
CH3                1   144.000     3.800     0.000     0.000     0.000          
CH2                1   144.000     3.800     0.000     0.000     0.000          
CH2(S)             1   144.000     3.800     0.000     0.000     0.000          
C                  0    71.400     3.298     0.000     0.000     0.000          
CH                 1    80.000     2.750     0.000     0.000     0.000          
C2H6               2   247.500     4.350     0.000     0.000     1.500          
C2H5               2   247.500     4.350     0.000     0.000     1.500          
C2H4               2   238.400     3.496     0.000     0.000     1.500          
C2H3               2   265.300     3.721     0.000     0.000     1.000          
C2H2               1   265.300     3.721     0.000     0.000     2.500          
C2H                1   265.300     3.721     0.000     0.000     2.500          
CH3CHO             2   436.000     3.970     0.000     0.000     2.000          
CH3CO              2   436.000     3.970     0.000     0.000     2.000          
CH2CHO             2   436.000     3.970     0.000     0.000     2.000          
CH2CO              2   436.000     3.970     0.000     0.000     2.000          
HCCO               2   150.000     2.500     0.000     0.000     1.000          
HCCOH              2   436.000     3.970     0.000     0.000     2.000          
CH3CO3H            2   436.000     3.970     0.000     0.000     2.000          
CH3CO3             2   436.000     3.970     0.000     0.000     2.000          
CH3CO2             2   436.000     3.970     0.000     0.000     2.000          
C2H5OH             2   470.600     4.410     0.000     0.000     1.500          
C2H5O              2   470.600     4.410     0.000     0.000     1.500          
PC2H4OH            2   470.600     4.410     0.000     0.000     1.500          
SC2H4OH            2   470.600     4.410     0.000     0.000     1.500          
O2C2H4OH           2   523.2       5.664     1.7       0.0       1.0          
C2H5O2H            2   470.600     4.410     0.000     0.000     1.500          
C2H5O2             2   470.600     4.410     0.000     0.000     1.500          
C2H4O2H            2   470.600     4.410     0.000     0.000     1.500          
C2H4O1-2           2   436.000     3.970     0.000     0.000     2.000          
C2H3O1-2           2   436.000     3.970     0.000     0.000     2.000          
CH3COCH3           2   435.500     4.860     0.000     0.000     1.000          
CH3COCH2           2   435.500     4.860     0.000     0.000     1.000          
CH3COCH2O2            2   502.115     5.429     0.000     0.000     0.000          
CH3COCH2O2H           2   505.403     5.449     0.000     0.000     0.000          
CH3COCH2O             2   447.639     5.086     0.000     0.000     0.000          
C2H3CHO               2   428.8   4.958   2.9 0.0 1.0          
C2H3CO             2   443.200     4.120     0.000     0.000     1.000          
C2H5CHO               2   435.2   4.662   2.7 0.0 1.0          
C2H5CO             2   424.600     4.820     0.000     0.000     1.000          
CH3OCH3            2   395.0       4.037     1.3       0.0       1.0          
CH3OCH2            2   395.0       4.037     1.3       0.0       1.0          
CH3OCHO            2   395.0       4.037     1.3       0.0       1.0          
CH3OCO             2   395.0       4.037     1.3       0.0       1.0          
C3H8               2   303.400     4.810     0.000     0.000     1.000          
IC3H7              2   303.400     4.810     0.000     0.000     1.000          
NC3H7              2   303.400     4.810     0.000     0.000     1.000          
C3H6               2   307.800     4.140     0.000     0.000     1.000          
C3H5-A             2   316.000     4.220     0.000     0.000     1.000          
C3H5-S             2   316.000     4.220     0.000     0.000     1.000          
C3H5-T             2   316.000     4.220     0.000     0.000     1.000          
C3H4-P             1   324.800     4.290     0.000     0.000     1.000          
C3H4-A             1   324.800     4.290     0.000     0.000     1.000          
C3H3               1   324.800     4.290     0.000     0.000     1.000          
C3H2               2   209.000     4.100     0.000     0.000     1.000          
C3H5O              2   411.000     4.820     0.000     0.000     1.000          
C3H6OOH1-2            2   435.2   4.662   2.7 0.0 1.0          
C3H6OOH1-3            2   435.2   4.662   2.7 0.0 1.0          
C3H6OOH2-1            2   435.2   4.662   2.7 0.0 1.0          
C3H6OOH1-2O2          2   435.2   4.662   2.7 0.0 1.0          
C3H6OOH1-3O2          2   435.2   4.662   2.7 0.0 1.0          
C3H6OOH2-1O2          2   435.2   4.662   2.7 0.0 1.0          
NC3H7O2H              2   481.5   4.997   1.7 0.0 1.0          
IC3H7O2H              2   459.5   5.036   1.7 0.0 1.0          
NC3H7O2               2   481.5   4.997   1.7 0.0 1.0          
IC3H7O2               2   459.5   5.036   1.7 0.0 1.0          
NC3H7O                2   481.5   4.997   1.7 0.0 1.0          
IC3H7O                2   459.5   5.036   1.7 0.0 1.0          
C3H6O1-2              2   403.6   4.968   2.0 0.0 1.0          
C3H6O1-3              2   403.6   4.968   2.0 0.0 1.0          
C3KET12               2   464.2   5.009   2.6 0.0 1.0          
C3KET13               2   464.2   5.009   2.6 0.0 1.0          
C3KET21               2   464.2   5.009   2.6 0.0 1.0          
C3H6OH             2   487.900     4.820     0.000     0.000     1.000          
HOC3H6O2           2   487.900     4.820     0.000     0.000     1.000          
CH3CHCO            2   443.200     4.120     0.000     0.000     1.000          
AC3H5OOH               2   481.5   4.997   1.7 0.0 1.0          
C4H10                 2   350.9   5.206   0.0 0.0 1.0          
C4H8-1             2   355.000     4.650     0.000     0.000     1.000          
C4H8-2             2   355.000     4.650     0.000     0.000     1.000          
PC4H9              2   352.000     5.240     0.000     0.000     1.000          
SC4H9              2   352.000     5.240     0.000     0.000     1.000          
C4H71-1            2   355.000     4.650     0.000     0.000     1.000          
C4H71-2            2   355.000     4.650     0.000     0.000     1.000          
C4H71-3            2   355.000     4.650     0.000     0.000     1.000          
C4H71-4            2   355.000     4.650     0.000     0.000     1.000          
C4H72-2            2   355.000     4.650     0.000     0.000     1.000          
C4H6               2   357.000     4.720     0.000     0.000     1.000          
PC4H9O2H           2   496.000     5.200     0.000     0.000     1.000          
PC4H9O2            2   496.000     5.200     0.000     0.000     1.000          
SC4H9O2            2   496.000     5.200     0.000     0.000     1.000          
PC4H9O             2   496.000     5.200     0.000     0.000     1.000          
C4H7O              2   496.000     5.200     0.000     0.000     1.000          
C4H8O1-3           2   496.000     5.200     0.000     0.000     1.000          
C4H8O1-4           2   496.000     5.200     0.000     0.000     1.000          
PC4H8OH               2   502.2       5.356   1.8 0.0 1.0          
SC4H8OH               2   502.2       5.356   1.8 0.0 1.0          
C4H8OH-1O2            2   502.2       5.356   1.8 0.0 1.0          
C4H8OH-2O2            2   502.2       5.356   1.8 0.0 1.0          
C4H8OOH1-2         2   496.000     5.200     0.000     0.000     1.000          
C4H8OOH1-3         2   496.000     5.200     0.000     0.000     1.000          
C4H8OOH1-4         2   496.000     5.200     0.000     0.000     1.000          
C4H8OOH1-2O2         2   496.000     5.200     0.000     0.000     1.000          
C4H8OOH1-3O2         2   496.000     5.200     0.000     0.000     1.000          
NC4KET13              2   476.0   5.778   2.6 0.0 1.0          
C2H5COCH3             2   454.0   5.413   3.3 0.0 1.0          
C2H5COCH2             2   454.0   5.413   3.3 0.0 1.0          
CH2CH2COCH3           2   440.584     5.040     0.000     0.000     0.000          
CH3CHCOCH3            2   440.584     5.040     0.000     0.000     0.000          
C2H3COCH3             2   454.0   5.413   3.3 0.0 1.0          
NC3H7CHO              2   464.2   5.009   2.6 0.0 1.0          
NC3H7CO               2   464.2   5.009   2.6 0.0 1.0          
C3H6CHO-1             2   464.2   5.009   2.6 0.0 1.0          
C3H6CHO-2             2   464.2   5.009   2.6 0.0 1.0          
C3H6CHO-3             2   464.2   5.009   2.6 0.0 1.0          
SC3H5CHO              2   464.2   5.009   2.6 0.0 1.0          
SC3H5CO               2   464.2   5.009   2.6 0.0 1.0          
CH2CH2CHO          2   424.600     4.820     0.000     0.000     1.000          
IC4H10                2   335.7   5.208   0.1 0.0 1.0          
IC4H9              2   352.000     5.240     0.000     0.000     1.000          
TC4H9              2   352.000     5.240     0.000     0.000     1.000          
IC4H8                 2   344.5   5.089   0.5 0.0 1.0          
IC4H7              2   355.000     4.650     0.000     0.000     1.000          
TC4H9O2               2   502.252     5.430     0.000     0.000     0.000          
IC4H9O2               2   502.252     5.430     0.000     0.000     0.000          
TC4H8O2H-I            2   502.2       5.356   1.8 0.0 1.0          
IC4H8O2H-I            2   502.2       5.356   1.8 0.0 1.0          
IC4H8O2H-T            2   502.2       5.356   1.8 0.0 1.0          
IC4H8O                2   444.197     5.063     0.000     0.000     0.000          
IC4H9O             2   496.000     5.200     0.000     0.000     1.000          
TC4H9O             2   496.000     5.200     0.000     0.000     1.000          
IC4H9O2H              2   505.540     5.450     0.000     0.000     0.000          
TC4H9O2H              2   505.540     5.450     0.000     0.000     0.000          
IC4H7O             2   496.000     5.200     0.000     0.000     1.000          
IC4H8OH            2   496.000     5.200     0.000     0.000     1.000          
IO2C4H8OH          2   496.000     5.200     0.000     0.000     1.000          
IC3H7CHO              2   436.4   5.352   0.0 0.0 1.0          
TC3H6CHO              2   436.4   5.352   0.0 0.0 1.0          
IC3H7CO               2   436.4   5.352   0.0 0.0 1.0          
IC3H6CHO              2   436.4   5.352   0.0 0.0 1.0          
IC4H8OOH-IO2          2   600.078     6.009     0.000     0.000     0.000          
IC4KETII              2   549.655     5.716     0.000     0.000     0.000          
IC4H7OH               2   502.2   5.356   1.8 0.0 1.0          
IC4H6OH               2   502.2   5.356   1.8 0.0 1.0          
IC3H5CHO              2   436.4   5.352   0.0 0.0 1.0          
IC3H5CO               2   436.4   5.352   0.0 0.0 1.0          
TC3H6OCHO             2   436.4   5.352   0.0 0.0 1.0          
IC3H6CO               2   436.4   5.352   0.0 0.0 1.0          
IC4H7OOH              2   498.949     5.410     0.000     0.000     0.000          
TC3H6OH               2   459.5   5.036   1.7 0.0 1.0          
IC3H5OH               2   459.5   5.036   1.7 0.0 1.0          
TC3H6O2CHO            2   436.4   5.352   0.0 0.0 1.0          
TC3H6O2HCO            2   436.4   5.352   0.0 0.0 1.0          
IC3H5O2HCHO           2   436.4   5.352   0.0 0.0 1.0          
CH2CCH2OH             2   481.5   4.997   1.7 0.0 1.0          
TC4H8CHO              2   489.084     5.348     0.000     0.000     0.000          
O2C4H8CHO             2   588.531     5.942     0.000     0.000     0.000          
O2HC4H8CO             2   588.531     5.942     0.000     0.000     0.000          
NC5H12                2   391.7   5.591   0.0 0.0 1.0          
C5H11-1               2   440.735     5.041     0.000     0.000     0.000          
C5H11-2               2   440.735     5.041     0.000     0.000     0.000          
C5H11-3               2   440.735     5.041     0.000     0.000     0.000          
C5H10-1               2   386.2   5.489   0.4 0.0 1.0          
C5H10-2               2   396.8   5.458   0.0 0.0 1.0          
C5H81-3             2   408.000     5.200     0.000     0.000     1.000          
C5H91-3               2   396.8   5.458   0.0 0.0 1.0          
C5H91-4               2   396.8   5.458   0.0 0.0 1.0          
C5H91-5               2   396.8   5.458   0.0 0.0 1.0          
C5H92-4               2   396.8   5.458   0.0 0.0 1.0          
C5H92-5               2   396.8   5.458   0.0 0.0 1.0          
C5H9O1-3               2   523.2   5.664   1.7 0.0 1.0          
C5H9O2-4               2   523.2   5.664   1.7 0.0 1.0          
C5H11O2H-1            2   523.2   5.664   1.7 0.0 1.0          
C5H11O2-1             2   523.2   5.664   1.7 0.0 1.0          
C5H11O2-2             2   523.2   5.664   1.7 0.0 1.0          
C5H11O2-3             2   523.2   5.664   1.7 0.0 1.0          
C5H11O-1              2   523.2   5.664   1.7 0.0 1.0          
C5H10OOH1-2           2   523.2   5.664   1.7 0.0 1.0          
C5H10OOH1-3            2   523.2   5.664   1.7 0.0 1.0          
C5H10OOH1-4            2   523.2   5.664   1.7 0.0 1.0          
C5H10OOH2-3            2   523.2   5.664   1.7 0.0 1.0          
C5H10OOH2-4            2   523.2   5.664   1.7 0.0 1.0          
C5H10OOH3-2            2   523.2   5.664   1.7 0.0 1.0          
C5H10OOH3-1            2   523.2   5.664   1.7 0.0 1.0          
C5H10O1-3              2   523.2   5.664   1.7 0.0 1.0          
C5H10O1-4              2   523.2   5.664   1.7 0.0 1.0          
C5H10OOH1-2O2          2   523.2   5.664   1.7 0.0 1.0          
C5H10OOH1-3O2          2   523.2   5.664   1.7 0.0 1.0          
C5H10OOH1-4O2          2   523.2   5.664   1.7 0.0 1.0          
C5H10OOH2-3O2          2   523.2   5.664   1.7 0.0 1.0          
C5H10OOH2-4O2          2   523.2   5.664   1.7 0.0 1.0          
C5H10OOH3-1O2          2   523.2   5.664   1.7 0.0 1.0          
C5H10OOH3-2O2          2   523.2   5.664   1.7 0.0 1.0          
NC5KET13              2   494.8   6.174   1.8 0.0 1.0          
NC5KET14              2   494.8   6.174   1.8 0.0 1.0          
NC5KET23              2   494.8   6.174   1.8 0.0 1.0          
NC5KET24              2   494.8   6.174   1.8 0.0 1.0          
NC5KET31              2   494.8   6.174   1.8 0.0 1.0          
NC5KET32              2   494.8   6.174   1.8 0.0 1.0          
C5H10OH-1               2   523.2   5.664   1.7 0.0 1.0          
C5H10OH-2               2   523.2   5.664   1.7 0.0 1.0          
O2C5H10OH-1           2   588.653     5.943     0.000     0.000     0.000          
O2C5H10OH-2           2   588.653     5.943     0.000     0.000     0.000          
NC6H14                2   427.4   5.946   0.0 0.0 1.0          
C6H13-1               2   489.224     5.349     0.000     0.000     0.000          
C6H13-2               2   489.224     5.349     0.000     0.000     0.000          
C6H13-3               2   489.224     5.349     0.000     0.000     0.000          
C6H12-1               2   485.857     5.328     0.000     0.000     0.000          
C6H12-2               2   485.857     5.328     0.000     0.000     0.000          
C6H12-3               2   485.857     5.328     0.000     0.000     0.000          
C6H111-3              2   482.473     5.307     0.000     0.000     0.000          
C6H111-4              2   482.473     5.307     0.000     0.000     0.000          
C6H111-5              2   482.473     5.307     0.000     0.000     0.000          
C6H111-6              2   482.473     5.307     0.000     0.000     0.000          
C6H112-4              2   482.473     5.307     0.000     0.000     0.000          
C6H112-5              2   482.473     5.307     0.000     0.000     0.000          
C6H112-6              2   482.473     5.307     0.000     0.000     0.000          
C6H113-1              2   482.473     5.307     0.000     0.000     0.000          
C6H11O1-3             2   541.5   5.674   1.8 0.0 1.0          
C6H11O2-4             2   541.5   5.674   1.8 0.0 1.0          
C6H12O1-3             2   537.467     5.643     0.000     0.000     0.000          
C6H12O1-4             2   537.467     5.643     0.000     0.000     0.000          
C6H13O2H-1            2   591.585     5.960     0.000     0.000     0.000          
C6H13O2-1             2   588.653     5.943     0.000     0.000     0.000          
C6H12OOH1-2           2   588.653     5.943     0.000     0.000     0.000          
C6H12OOH1-3           2   588.653     5.943     0.000     0.000     0.000          
C6H12OOH1-4           2   588.653     5.943     0.000     0.000     0.000          
C6H12OOH1-3O2         2   677.149     6.436     0.000     0.000     0.000          
C6H12OOH1-4O2         2   677.149     6.436     0.000     0.000     0.000          
NC6KET13              2   467.0   6.548   1.8 0.0 1.0          
NC6KET14              2   467.0   6.548   1.8 0.0 1.0          
C6H13O-1              2   540.597     5.662     0.000     0.000     0.000          
C6H12OH-3              2   541.5   5.674   1.8 0.0 1.0          
O2C6H12OH-3             2   561.0   6.317   1.7 0.0 1.0          
NC4H9CHO              2   476.0   5.778   2.6 0.0 1.0          
NC4H9CO               2   476.0   5.778   2.6 0.0 1.0          
C4H8CHO-2             2   476.0   5.778   2.6 0.0 1.0          
C4H8CHO-3             2   476.0   5.778   2.6 0.0 1.0          
C4H8CHO-4             2   476.0   5.778   2.6 0.0 1.0          
AC3H5CO               2   464.2   5.009   2.6 0.0 1.0          
NC3H7COCH3            2   477.0   5.735   2.5 0.0 1.0          
NC3H7COCH2            2   489.084     5.348     0.000     0.000     0.000          
C3H6COCH3-2           2   489.084     5.348     0.000     0.000     0.000          
C3H6COCH3-3           2   489.084     5.348     0.000     0.000     0.000          
C2H5COC2H5            2   476.7   5.714   2.7 0.0 1.0          
C2H5COC2H4P           2   489.084     5.348     0.000     0.000     0.000          
NC7H16                2   459.6   6.253   0.0 0.0 1.0          
C7H15-1               2   459.6   6.253   0.0 0.0 1.0          
C7H15-2               2   459.6   6.253   0.0 0.0 1.0          
C7H15-3               2   459.6   6.253   0.0 0.0 1.0          
C7H15-4               2   459.6   6.253   0.0 0.0 1.0          
C7H14-1                2   457.8   6.173   0.3 0.0 1.0          
C7H14-2               2   457.8   6.173   0.3 0.0 1.0          
C7H14-3               2   457.8   6.173   0.3 0.0 1.0          
C7H131-3              2   457.8   6.173   0.3 0.0 1.0          
C7H131-4              2   457.8   6.173   0.3 0.0 1.0          
C7H131-5              2   457.8   6.173   0.3 0.0 1.0          
C7H131-6              2   457.8   6.173   0.3 0.0 1.0          
C7H131-7              2   457.8   6.173   0.3 0.0 1.0          
C7H132-4              2   457.8   6.173   0.3 0.0 1.0          
C7H132-5              2   457.8   6.173   0.3 0.0 1.0          
C7H132-6              2   457.8   6.173   0.3 0.0 1.0          
C7H132-7              2   457.8   6.173   0.3 0.0 1.0          
C7H133-1              2   457.8   6.173   0.3 0.0 1.0          
C7H133-5              2   457.8   6.173   0.3 0.0 1.0          
C7H133-6              2   457.8   6.173   0.3 0.0 1.0          
C7H133-7              2   457.8   6.173   0.3 0.0 1.0          
C7H13O1-3              2   561.0   6.317   1.7 0.0 1.0          
C7H13O2-4              2   561.0   6.317   1.7 0.0 1.0          
C7H13O3-5              2   561.0   6.317   1.7 0.0 1.0          
C7H15O2-1             2   561.0   6.317   1.7 0.0 1.0          
C7H15O2-2             2   561.0   6.317   1.7 0.0 1.0          
C7H15O2-3             2   561.0   6.317   1.7 0.0 1.0          
C7H15O2-4             2   561.0   6.317   1.7 0.0 1.0          
C7H15O2H-1            2   561.0   6.317   1.7 0.0 1.0          
C7H15O2H-2            2   561.0   6.317   1.7 0.0 1.0          
C7H15O2H-3            2   561.0   6.317   1.7 0.0 1.0          
C7H15O2H-4            2   561.0   6.317   1.7 0.0 1.0          
C7H15O-1              2   561.0   6.317   1.7 0.0 1.0          
C7H15O-2              2   561.0   6.317   1.7 0.0 1.0          
C7H15O-3              2   561.0   6.317   1.7 0.0 1.0          
C7H15O-4              2   561.0   6.317   1.7 0.0 1.0          
C7H14OOH1-2           2   561.0   6.317   1.7 0.0 1.0          
C7H14OOH1-3           2   561.0   6.317   1.7 0.0 1.0          
C7H14OOH1-4           2   561.0   6.317   1.7 0.0 1.0          
C7H14OOH2-1           2   561.0   6.317   1.7 0.0 1.0          
C7H14OOH2-3           2   561.0   6.317   1.7 0.0 1.0          
C7H14OOH2-4           2   561.0   6.317   1.7 0.0 1.0          
C7H14OOH2-5           2   561.0   6.317   1.7 0.0 1.0          
C7H14OOH3-1           2   561.0   6.317   1.7 0.0 1.0          
C7H14OOH3-2           2   561.0   6.317   1.7 0.0 1.0          
C7H14OOH3-4           2   561.0   6.317   1.7 0.0 1.0          
C7H14OOH3-5           2   561.0   6.317   1.7 0.0 1.0          
C7H14OOH3-6           2   561.0   6.317   1.7 0.0 1.0          
C7H14OOH4-1           2   561.0   6.317   1.7 0.0 1.0          
C7H14OOH4-2           2   561.0   6.317   1.7 0.0 1.0          
C7H14OOH4-3           2   561.0   6.317   1.7 0.0 1.0          
C7H14OOH1-2O2         2   600.6   7.229   1.8 0.0 1.0          
C7H14OOH1-3O2         2   600.6   7.229   1.8 0.0 1.0          
C7H14OOH1-4O2         2   600.6   7.229   1.8 0.0 1.0          
C7H14OOH2-1O2         2   600.6   7.229   1.8 0.0 1.0          
C7H14OOH2-3O2         2   600.6   7.229   1.8 0.0 1.0          
C7H14OOH2-4O2         2   600.6   7.229   1.8 0.0 1.0          
C7H14OOH2-5O2         2   600.6   7.229   1.8 0.0 1.0          
C7H14OOH3-1O2         2   600.6   7.229   1.8 0.0 1.0          
C7H14OOH3-2O2         2   600.6   7.229   1.8 0.0 1.0          
C7H14OOH3-4O2         2   600.6   7.229   1.8 0.0 1.0          
C7H14OOH3-5O2         2   600.6   7.229   1.8 0.0 1.0          
C7H14OOH3-6O2         2   600.6   7.229   1.8 0.0 1.0          
C7H14OOH4-1O2         2   600.6   7.229   1.8 0.0 1.0          
C7H14OOH4-2O2         2   600.6   7.229   1.8 0.0 1.0          
C7H14OOH4-3O2         2   600.6   7.229   1.8 0.0 1.0          
C7H14O1-3             2   511.5   6.297   0.0 0.0 1.0          
C7H14O1-4             2   511.5   6.297   0.0 0.0 1.0          
C7H14O2-4             2   511.5   6.297   0.0 0.0 1.0          
C7H14O2-5             2   511.5   6.297   0.0 0.0 1.0          
C7H14O3-5             2   511.5   6.297   0.0 0.0 1.0          
NC7KET12              2   581.3   6.506   2.0 0.0 1.0          
NC7KET13              2   581.3   6.506   2.0 0.0 1.0          
NC7KET14              2   581.3   6.506   2.0 0.0 1.0          
NC7KET21              2   581.3   6.506   2.0 0.0 1.0          
NC7KET23              2   581.3   6.506   2.0 0.0 1.0          
NC7KET24              2   581.3   6.506   2.0 0.0 1.0          
NC7KET25              2   581.3   6.506   2.0 0.0 1.0          
NC7KET31              2   581.3   6.506   2.0 0.0 1.0          
NC7KET32              2   581.3   6.506   2.0 0.0 1.0          
NC7KET34              2   581.3   6.506   2.0 0.0 1.0          
NC7KET35              2   581.3   6.506   2.0 0.0 1.0          
NC7KET36              2   581.3   6.506   2.0 0.0 1.0          
NC7KET41              2   581.3   6.506   2.0 0.0 1.0          
NC7KET42              2   581.3   6.506   2.0 0.0 1.0          
NC7KET43              2   581.3   6.506   2.0 0.0 1.0          
C7H14OH-1              2   561.0   6.317   1.7 0.0 1.0          
C7H14OH-2              2   561.0   6.317   1.7 0.0 1.0          
C7H14OH-3              2   561.0   6.317   1.7 0.0 1.0          
O2C7H14OH-1         2   677.149     6.436     0.000     0.000     0.000          
O2C7H14OH-2         2   677.149     6.436     0.000     0.000     0.000          
O2C7H14OH-3         2   677.149     6.436     0.000     0.000     0.000          
NC5H11CHO             2   498.6   6.009   2.0 0.0 1.0          
NC5H11CO              2   498.6   6.009   2.0 0.0 1.0          
NC4H9COCH2            2   534.323     5.625     0.000     0.000     0.000          
C4H7OOH1-4            2   523.2   5.664   1.7 0.0 1.0          
C4H7O1-4              2   476.0   5.778   2.6 0.0 1.0          
C5H9OOH1-4            2   543.585     5.680     0.000     0.000     0.000          
C5H9O1-4              2   489.084     5.348     0.000     0.000     0.000          
C5H9OOH1-5            2   543.585     5.680     0.000     0.000     0.000          
C5H9O1-5              2   489.084     5.348     0.000     0.000     0.000          
C6H11OOH1-4           2   561.0   6.317   1.7 0.0 1.0          
C6H11O1-4             2   541.5   5.674   1.8 0.0 1.0          
C5H91-1               2   396.8   5.458   0.0 0.0 1.0          
C4H7CHO1-1            2   476.0   5.778   2.6 0.0 1.0          
C4H7CO1-1             2   476.0   5.778   2.6 0.0 1.0          
C4H6CHO1-14           2   482.331     5.306     0.000     0.000     0.000          
C4H6CHO1-13           2   482.331     5.306     0.000     0.000     0.000          
NC3H7COC2H4P          2   534.323     5.625     0.000     0.000     0.000          
CHCHCHO            2   443.200     4.120     0.000     0.000     1.000          
C6H101-3              2        426.3        5.51        0        0        1          
C6H101-4              2        426.3        5.51        0        0        1          
C6H101-5              2        426.3        5.51        0        0        1          
C6H102-4              2        426.3        5.51        0        0        1          
ETES1                 2        537.467        5.643        0        0        0          
C6H112O2H-4        2        591.585        5.96        0        0        0          
C6H113O2H-2        2        591.585        5.96        0        0        0          
C6H111O2-4        2        588.653        5.943        0        0        0          
C6H102OOH5-4        2        591.585        5.96        0        0        0          
C6H102OOH4-5        2        591.585        5.96        0        0        0          
C5H81-4        2        386.2        5.489        0.4        0        1          
C5H91O2-3             2   523.2   5.664   1.7 0.0 1.0          
C5H91O2-4             2   523.2   5.664   1.7 0.0 1.0          
C5H91O2-5             2   523.2   5.664   1.7 0.0 1.0          
C5H81OOH3-4           2   523.2   5.664   1.7 0.0 1.0          
C5H81OOH3-5     2   523.2   5.664   1.7 0.0 1.0          
C5H81OOH4-3     2   523.2   5.664   1.7 0.0 1.0          
C5H92O2-1       2   523.2   5.664   1.7 0.0 1.0          
C5H81OOH3-4O2          2   523.2   5.664   1.7 0.0 1.0          
C5H81OOH3-5O2          2   523.2   5.664   1.7 0.0 1.0          
NC5D1KET34              2   494.8   6.174   1.8 0.0 1.0          
NC5D1KET35              2   494.8   6.174   1.8 0.0 1.0          
CY3C5H8O              2   523.2   5.664   1.7 0.0 1.0          
C5H92O2-4             2   523.2   5.664   1.7 0.0 1.0          
C5H92O2-5             2   523.2   5.664   1.7 0.0 1.0          
C5H82OOH4-5           2   523.2   5.664   1.7 0.0 1.0          
C5H82OOH5-4           2   523.2   5.664   1.7 0.0 1.0          
C5H82OOH4-5O2          2   523.2   5.664   1.7 0.0 1.0          
C5H82OOH5-4O2          2   523.2   5.664   1.7 0.0 1.0          
NC5D2KET45              2   494.8   6.174   1.8 0.0 1.0          
IC5H12                2   382.1   5.548   0.0 0.0 1.0          
AC5H11                2   440.735     5.041     0.000     0.000     0.000          
BC5H11                2   440.735     5.041     0.000     0.000     0.000          
CC5H11                2   440.735     5.041     0.000     0.000     0.000          
DC5H11                2   440.735     5.041     0.000     0.000     0.000          
AC5H10                2   386.6   5.532   0.5 0.0 1.0          
BC5H10                2   391.4   5.550   0.0 0.0 1.0          
CC5H10                2   437.102     5.017     0.000     0.000     0.000          
AC5H9-A2        2        386.6        5.532        0.5        0        1          
AC5H9-C        2        386.6        5.532        0.5        0        1          
AC5H9-D        2        386.6        5.532        0.5        0        1          
CC5H9-A        2        386.6        5.532        0.5        0        1          
CC5H9-B        2        386.6        5.532        0.5        0        1          
AC5H9O-A2        2        430.1        5.833        0        0        1          
AC5H9O-C        2        430.1        5.833        0        0        1          
CC5H9O-B        2        397.9        5.767        0        0        1          
BC5H11O2              2   546.691     5.698     0.000     0.000     0.000          
CH3CHCHO              2   387.860     4.687     0.000     0.000     0.000          
CC6H13                2   422.5   5.870   0.0 0.0 1.0          
AC6H12                2   430.1   5.833   0.0 0.0 1.0          
BC6H12                2   430.1   5.833   0.0 0.0 1.0          
CC6H12        2        430.1        5.833        0        0        1          
DC6H12                2   414.4   5.872   0.0 0.0 1.0          
AC6H11-A2        2        430.1        5.833        0        0        1          
AC6H11-C        2        430.1        5.833        0        0        1          
AC6H11-E        2        430.1        5.833        0        0        1          
CC6H11-A        2        430.1        5.833        0        0        1          
CC6H11-B        2        430.1        5.833        0        0        1          
DC6H11-C        2        430.1        5.833        0        0        1          
AC6H11O-C        2        437.3        6.168        0        0        1          
CC6H11O-B              2   541.5   5.674   1.8 0.0 1.0          
DC6H11O-C        2        437.3        6.168        0        0        1          
CC6H13O2              2   541.5   5.674   1.8 0.0 1.0          
TC3H6CH2COCH3         2   503.7   6.020   2.0 0.0 1.0          
IC4H7-I1              2   380.022     4.633     0.000     0.000     0.000          
XC7H15                2   437.3   6.168   0.0 0.0 1.0          
YC7H15                2   437.3   6.168   0.0 0.0 1.0          
ZC7H15                2   437.3   6.168   0.0 0.0 1.0          
XC7H14                2   439.2   6.151   0.0 0.0 1.0          
YC7H14                2   439.2   6.151   0.0 0.0 1.0          
XC7H13-X1        2        541.5        5.674        1.8        0        1          
XC7H13-Z        2        541.5        5.674        1.8        0        1          
XC7H13-X2        2        541.5        5.674        1.8        0        1          
XC7H13-Y2        2        541.5        5.674        1.8        0        1          
YC7H13-Y2        2        541.5        5.674        1.8        0        1          
YC7H13-X2        2        541.5        5.674        1.8        0        1          
XC7H13O-Z              2   561.0   6.317   1.7 0.0 1.0          
YC7H13O-Y2        2        458.5        6.414        0        0        1          
YC7H15O2                2   561.0   6.317   1.7 0.0 1.0          
ZC7H15O2                2   561.0   6.317   1.7 0.0 1.0          
YC7H15O2H               2   561.0   6.317   1.7 0.0 1.0          
YC7H15O                 2   561.0   6.317   1.7 0.0 1.0          
YC7H14OOH-X1            2   561.0   6.317   1.7 0.0 1.0          
YC7H14OOH-Z             2   561.0   6.317   1.7 0.0 1.0          
YC7H14OOH-Y2            2   561.0   6.317   1.7 0.0 1.0          
YC7H14OOH-X2            2   561.0   6.317   1.7 0.0 1.0          
YC7H14OOH-Y2O2          2   561.0   6.317   1.7 0.0 1.0          
X-Y2C7H14O              2   561.0   6.317   1.7 0.0 1.0          
Y-YC7H14O               2   561.0   6.317   1.7 0.0 1.0          
ACC6H10        2        430.1        5.833        0        0        1          
ACC6H9-A        2        430.1        5.833        0        0        1          
ACC6H9-D        2        430.1        5.833        0        0        1          
NEOC5H11              2   440.735     5.041     0.000     0.000     0.000          
NEOC5H11O2H           2   549.783     5.717     0.000     0.000     0.000          
NEOC5H11O2            2   546.691     5.698     0.000     0.000     0.000          
NEOC5H11O             2   495.769     5.390     0.000     0.000     0.000          
NEOC5H10OOH           2   546.691     5.698     0.000     0.000     0.000          
NEOC5H10OOH-O2        2   639.455     6.230     0.000     0.000     0.000          
NEOC5H9Q2-N           2   639.455     6.230     0.000     0.000     0.000          
NEOC5KET              2   591.463     5.959     0.000     0.000     0.000          
NEOC5KETOX            2   540.467     5.661     0.000     0.000     0.000          
NEOC5KEJOL            2   540.467     5.661     0.000     0.000     0.000          
NEOC6H12              2   397.9   5.767   0.0 0.0 1.0          
NEOC6H11              2   397.9   5.767   0.0 0.0 1.0          
TC4H9CHO                2   476.0   5.778   2.6 0.0 1.0          
TC4H9CO                 2   476.0   5.778   2.6 0.0 1.0          
C4H7CHO2-2              2   476.0   5.778   2.6 0.0 1.0          
C4H7CO2-2               2   476.0   5.778   2.6 0.0 1.0          
C4H6CHO2-21             2   476.0   5.778   2.6 0.0 1.0          
C4H6CHO2-24             2   476.0   5.778   2.6 0.0 1.0          
CH2CCHCH3               2   357.0   4.720   0.0 0.0 1.0          
IC3H6CHCHO            2   476.0       5.778   2.6 0.0 1.0          
IC3H6CHCO             2   476.0       5.778   2.6 0.0 1.0          
NC7H15                2   437.3   6.168   0.0 0.0 1.0          
OC7H15                2   437.3   6.168   0.0 0.0 1.0          
PC7H15                2   437.3   6.168   0.0 0.0 1.0          
OC7H14               2   439.2   6.151   0.0 0.0 1.0          
PC7H14                2   439.2   6.151   0.0 0.0 1.0          
OC7H13-N        2        437.3        6.168        0        0        1          
PC7H13-N        2        437.3        6.168        0        0        1          
PC7H13-O        2        437.3        6.168        0        0        1          
PC7H15O2                2   561.0   6.317   1.7 0.0 1.0          
PC7H15O2H               2   561.0   6.317   1.7 0.0 1.0          
PC7H15O                 2   561.0   6.317   1.7 0.0 1.0          
PC7H14OOH-N             2   561.0   6.317   1.7 0.0 1.0          
PC7H14OOH-O             2   561.0   6.317   1.7 0.0 1.0          
PC7H14OOH-NO2           2   561.0   6.317   1.7 0.0 1.0          
PC7H14OOH-OO2           2   561.0   6.317   1.7 0.0 1.0          
N-PC7H14O               2   561.0   6.317   1.7 0.0 1.0          
NEOC7KETPN              2   561.0   6.317   1.7 0.0 1.0          
NEOC7KETPO              2   561.0   6.317   1.7 0.0 1.0          
IC8H18                2   458.5   6.414   0.0 0.0 1.0          
AC8H17                2   458.5   6.414   0.0 0.0 1.0          
BC8H17                2   458.5   6.414   0.0 0.0 1.0          
CC8H17                2   458.5   6.414   0.0 0.0 1.0          
DC8H17                2   458.5   6.414   0.0 0.0 1.0          
IC8H16                2   485.6   6.440   0.3 0.0 1.0          
JC8H16                2   485.6   6.440   0.3 0.0 1.0          
IC8H15                2   485.6   6.440   0.3 0.0 1.0          
AC8H17O2                2   581.3   6.506   2.0 0.0 1.0          
BC8H17O2                2   581.3   6.506   2.0 0.0 1.0          
CC8H17O2                2   581.3   6.506   2.0 0.0 1.0          
DC8H17O2                2   581.3   6.506   2.0 0.0 1.0          
AC8H17O2H               2   581.3   6.506   2.0 0.0 1.0          
BC8H17O2H               2   581.3   6.506   2.0 0.0 1.0          
CC8H17O2H               2   581.3   6.506   2.0 0.0 1.0          
DC8H17O2H               2   581.3   6.506   2.0 0.0 1.0          
AC8H17O                 2   581.3   6.506   2.0 0.0 1.0          
BC8H17O                 2   581.3   6.506   2.0 0.0 1.0          
CC8H17O                 2   581.3   6.506   2.0 0.0 1.0          
DC8H17O                 2   581.3   6.506   2.0 0.0 1.0          
AC8H16OOH-A             2   581.3   6.506   2.0 0.0 1.0          
AC8H16OOH-B             2   581.3   6.506   2.0 0.0 1.0          
AC8H16OOH-C             2   581.3   6.506   2.0 0.0 1.0          
BC8H16OOH-C             2   581.3   6.506   2.0 0.0 1.0          
BC8H16OOH-A             2   581.3   6.506   2.0 0.0 1.0          
BC8H16OOH-D             2   581.3   6.506   2.0 0.0 1.0          
CC8H16OOH-D             2   581.3   6.506   2.0 0.0 1.0          
CC8H16OOH-B             2   581.3   6.506   2.0 0.0 1.0          
CC8H16OOH-A             2   581.3   6.506   2.0 0.0 1.0          
DC8H16OOH-C             2   581.3   6.506   2.0 0.0 1.0          
DC8H16OOH-D             2   581.3   6.506   2.0 0.0 1.0          
DC8H16OOH-B             2   581.3   6.506   2.0 0.0 1.0          
IC8ETERAA               2   581.3   6.506   2.0 0.0 1.0          
IC8ETERAB               2   581.3   6.506   2.0 0.0 1.0          
IC8ETERAC               2   581.3   6.506   2.0 0.0 1.0          
IC8ETERBC               2   581.3   6.506   2.0 0.0 1.0          
IC8ETERBD               2   581.3   6.506   2.0 0.0 1.0          
IC8ETERDD               2   581.3   6.506   2.0 0.0 1.0          
AC8H16OOH-AO2             2   581.3   6.506   2.0 0.0 1.0          
AC8H16OOH-BO2           2   581.3   6.506   2.0 0.0 1.0          
AC8H16OOH-CO2           2   581.3   6.506   2.0 0.0 1.0          
BC8H16OOH-CO2           2   581.3   6.506   2.0 0.0 1.0          
BC8H16OOH-AO2           2   581.3   6.506   2.0 0.0 1.0          
BC8H16OOH-DO2           2   581.3   6.506   2.0 0.0 1.0          
CC8H16OOH-BO2           2   581.3   6.506   2.0 0.0 1.0          
CC8H16OOH-AO2           2   581.3   6.506   2.0 0.0 1.0          
DC8H16OOH-CO2           2   581.3   6.506   2.0 0.0 1.0          
DC8H16OOH-DO2           2   581.3   6.506   2.0 0.0 1.0          
DC8H16OOH-BO2           2   581.3   6.506   2.0 0.0 1.0          
IC8KETAA               2   581.3   6.506   2.0 0.0 1.0          
IC8KETAB               2   581.3   6.506   2.0 0.0 1.0          
IC8KETAC               2   581.3   6.506   2.0 0.0 1.0          
IC8KETBA               2   581.3   6.506   2.0 0.0 1.0          
IC8KETBC               2   581.3   6.506   2.0 0.0 1.0          
IC8KETBD               2   581.3   6.506   2.0 0.0 1.0          
IC8KETDB               2   581.3   6.506   2.0 0.0 1.0          
IC8KETDD               2   581.3   6.506   2.0 0.0 1.0          
CC8H16OH-B             2   581.3   6.506   2.0 0.0 1.0          
BC8H16OH-C             2   581.3   6.506   2.0 0.0 1.0          
CC8H16OH-BO2           2   581.3   6.506   2.0 0.0 1.0          
CC8H16O-BO2H          2   581.3   6.506   2.0 0.0 1.0          
CC8H16OH-D             2   581.3   6.506   2.0 0.0 1.0          
DC8H16OH-C             2   581.3   6.506   2.0 0.0 1.0          
BC8H16OH-CO2           2   581.3   6.506   2.0 0.0 1.0          
BC8H16O-CO2H          2   581.3   6.506   2.0 0.0 1.0          
CC8H16OH-DO2           2   581.3   6.506   2.0 0.0 1.0          
CC8H16O-DO2H          2   581.3   6.506   2.0 0.0 1.0          
DC8H16OH-CO2           2   581.3   6.506   2.0 0.0 1.0          
DC8H16O-CO2H          2   581.3   6.506   2.0 0.0 1.0          
DC6H12CHO-D            2   581.3   6.506   2.0 0.0 1.0          
IC3H7COC3H7-I          2   561.0   6.317   1.7 0.0 1.0          
IC3H7COC3H6-T          2   561.0   6.317   1.7 0.0 1.0          
TC4H9COC2H4S           2   561.0   6.317   1.7 0.0 1.0          
NEOC5H11COCH3          2   561.0   6.317   1.7 0.0 1.0          
HC6H12CHO              2   561.0   6.317   1.7 0.0 1.0          
YC7H13OOH-X1           2   561.0   6.317   1.7 0.0 1.0          
YC7H13O-X1             2   561.0   6.317   1.7 0.0 1.0          
XC7H13OOH-Z            2   561.0   6.317   1.7 0.0 1.0          
YC7H13OOH-X2           2   561.0   6.317   1.7 0.0 1.0          
YC7H13O-X2             2   561.0   6.317   1.7 0.0 1.0          
CC6H11-D        2        430.1        5.833        0        0        1          
IC3H6CHCOCH3          2   531.165     5.606     0.000     0.000     0.000          
AC3H5CHCOCH3          2   527.994     5.587     0.000     0.000     0.000          
IC3H6CHCOCH2          2   527.994     5.587     0.000     0.000     0.000          
C6H5C2H            2   534.300     5.710     0.770     0.000     1.000          
C4H2            1   357.000     4.720     0.000     0.000     1.000          
NC4H3           2   350.40      4.984     0.000     0.000     1.000          
C7H6            2   495.300     5.680     0.430    12.300     1.000          
C6H5CH3         2   495.300     5.680     0.430    12.300     1.000          
C6H5CH2J        2   495.300     5.680     0.430    12.300     1.000          
OC6H4CH3        2   495.3       5.68      0.43     12.30      1.000          
HOC6H4CH3       2   495.3       5.68      0.43     12.30      1.000          
OC6H4O          2   464.8       5.29      0.00     10.32      1.000          
HOC6H4CH2       2   546.2       6.00      0.13     15.00      1.000          
RODC6JDO        2   546.2       6.00      0.13     15.00      1.000          
OXCCXCCJXO      2        426.3        5.51        0        0        1          
CY13PD          2   546.2       6.00      0.13     15.00      1.000          
C6H5OH          2   450.000     5.500     0.000     0.000     1.000          
STYR            2   546.2       6.00      0.13     15.00      1.000          
BICPDJ          2   630.4       6.18      0.00     16.50      1.000          
CYPDONE         2   484.0       5.10      0.00      0.00      0.000          
HCOCJXO         2        386.2        5.489        0.4        0        1          
CYC5H5OJ        2   484.0       5.10      0.00      0.00      0.000          
CYC5H5OH        2   484.0       5.10      0.00      0.00      0.000          
CYC5H4OH        2   484.0       5.10      0.00      0.00      0.000          
CPDJONE         2   484.0       5.10      0.00      0.00      0.000          
CXCCXCXO        2   561.0   6.317   1.7 0.0 1.0          
CJXCCXCXO       2   561.0   6.317   1.7 0.0 1.0          
OXCCXCCXO       2   561.0   6.317   1.7 0.0 1.0          
OXCCXCCJCXO     2   561.0   6.317   1.7 0.0 1.0          
C4H4            2   350.40      4.984     0.000     0.000     1.000          
NC4H5           2   350.40      4.984     0.000     0.000     1.000          
C6H5CH2OOJ      2   546.2       6.00      0.13     15.00      1.000          
C6H5CH2OOH      2   546.2       6.00      0.13     15.00      1.000          
C6H5CH2OJ       2   546.2       6.00      0.13     15.00      1.000          
C6H5CH2OH       2   495.3       5.68      0.43     12.30      1.000          
C6H5CHOH        2   495.3       5.68      0.43     12.30      1.000          
C6H5CHO         2   495.3       5.68      0.43     12.30      1.000          
HOC6H4CH2OOH    2   546.2       6.00      0.13     15.00      1.000          
C6H4OH          2   495.3       5.68      0.43     12.30      1.000          
C6H5O2          2   495.3       5.68      0.43     12.30      1.000          
C6H6            2   468.500     5.230     0.000    10.300     1.000          
CY13PD5J        2   464.8       5.29      0.00     10.32      1.000          
C6H5OJ          2   495.3       5.68      0.43     12.30      1.000          
FULVENE         2   464.8       5.29      0.00     10.32      1.000          
CYC5H8          2   400.0       5.20      0.00      0.00      1.000          
CH2CY24PD       2   484.0       5.10      0.00      0.00      0.000          
CYC6H7          2   468.500     5.230     0.000     0.000     1.000          
CXCCXCCJ        2        386.2        5.489        0.4        0        1          
LINC6H7         2   485.857     5.328     0.000     0.000     0.000          
CXCCXCC         2        386.2        5.489        0.4        0        1          
CH3CY24PD       2   484.0       5.10      0.00      0.00      0.000          
CYC5H7U1        2   484.0       5.10      0.00      0.00      0.000          
OXCJCXCCXC      2   485.857     5.328     0.000     0.000     0.000          
CJXCCXO         2        386.2        5.489        0.4        0        1          
HCOHCO          2        386.2        5.489        0.4        0        1          
CPDOOH          2   484.0       5.10      0.00      0.00      0.000          
OXCCXCCXCJ      2   561.0   6.317   1.7 0.0 1.0          
CXOCCCJCXO      2   561.0   6.317   1.7 0.0 1.0          
C14H14          2   676.5       6.31      0.00     20.00      1.000          
C14H13          2   676.5       6.31      0.00     20.00      1.000          
STYLBEN         2   676.5       6.31      0.00     20.00      1.000          
XYLENE          2   546.2       6.00      0.13     15.00      1.000          
IND             2   630.4       6.18      0.00     16.50      1.000          
NAPH            2   630.4       6.18      0.00     16.50      1.000          
CPDCXC          2   484.0       5.10      0.00      0.00      0.000          
FULVENYL        2   464.8       5.29      0.00     10.32      1.000          
C6H5            2   412.300     5.349     0.000     0.000     1.000          
CPDJCH3         2   464.8       5.29      0.00     10.32      1.000          
C6H4CH3         2   495.300     5.680     0.000     0.000     1.000          
C6H5CJO         2   495.3       5.68      0.43     12.30      1.000          
C6H5C2H5        2   523.600     5.960     0.000     0.000     1.000          
C12H10          2   676.5       6.31      0.00     20.00      1.000          
PHCCHPH         2   676.5       6.31      0.00     20.00      1.000          
O2C6H4CH3       2   546.2       6.00      0.13     15.00      1.000          
RODC6J(C)DO     2   546.2       6.00      0.13     15.00      1.000          
OCCXCCXCJC      2   437.3       6.168     0.0      0.0        1.000          
C6H4            2   412.300     5.349     0.000     0.000     1.000          
CJCXCC#C        2   676.5       6.31      0.00     20.00      1.000          
OC6H4CH2        2   676.5       6.31      0.00     20.00      1.000          
CR1             2   676.5       6.31      0.00     20.00      1.000          
CR2             2   676.5       6.31      0.00     20.00      1.000          
CR3             2   772.0       6.96      0.00     38.80      1.000          
CR4             2   837.5       7.28      0.00      0.00      0.000          
C10H10          2   630.4       6.18      0.00     16.50      1.000          
C6H5C2H2        2   546.2       6.00      0.13     15.00      1.000          
PHENA           2   772.0       6.96      0.00     38.80      1.000          
C6H5C2H4P       2   523.600     5.960     0.000     0.000     1.000          
C6H5C2H4S       2   523.600     5.960     0.000     0.000     1.000          
N2                 1    97.530     3.621     0.000     1.760     4.000          
END
